{
    "keyframes": [
        {
            "matrix": [
                0.9887103746016244,
                0.1478170222068337,
                -0.02453412115849967,
                0.5158107586840838,
                0.1447159905425697,
                -0.8995677902298668,
                0.41211051049716974,
                2.6509420200479825,
                0.038846843326046356,
                -0.41100841685646705,
                -0.910803493645442,
                -5.257556400367619,
                0.0,
                0.0,
                0.0,
                1.0
            ],
            "fov": 90,
            "aspect": 1.7777777777777777,
            "enable_model_transform": true,
            "model_sizes": [],
            "model_poses": []
        },
        {
            "matrix": [
                -0.44177304483954094,
                -0.38393696518218745,
                0.8108199452528864,
                4.141741205438257,
                -0.48579328596779514,
                -0.6574457030757277,
                -0.575994818393252,
                -2.323060900992942,
                0.7542157915091767,
                -0.6483498702660124,
                0.10392779014407844,
                2.1244037018824447,
                0.0,
                0.0,
                0.0,
                1.0
            ],
            "fov": 90,
            "aspect": 1.7777777777777777,
            "enable_model_transform": true,
            "model_sizes": [],
            "model_poses": []
        },
        {
            "matrix": [
                -0.889622177972766,
                0.2536055936109357,
                -0.3798112470007143,
                -3.77767876291649,
                0.09457542377482069,
                -0.711317563205133,
                -0.6964788679448395,
                -4.554287446067347,
                -0.4467973474370744,
                -0.65552385705263,
                0.6088190233214115,
                5.53568925647499,
                0.0,
                0.0,
                0.0,
                1.0
            ],
            "fov": 90,
            "aspect": 1.7777777777777777,
            "enable_model_transform": true,
            "model_sizes": [],
            "model_poses": []
        }
    ],
    "camera_type": "perspective",
    "render_height": 1080.0,
    "render_width": 1920.0,
    "fps": 30.0,
    "seconds": 4.0,
    "is_cycle": false,
    "smoothness_value": 0.0,
    "orientation_transform": [
        [
            1.0,
            0.0,
            0.0,
            0.0
        ],
        [
            0.0,
            1.0,
            0.0,
            0.0
        ],
        [
            0.0,
            0.0,
            1.0,
            0.0
        ],
        [
            0.0,
            0.0,
            0.0,
            1.0
        ]
    ],
    "background_color": [
        0.5,
        0.5,
        0.5
    ],
    "sh_degree": 3,
    "camera_path": [
        {
            "camera_to_world": [
                0.9887103746016244,
                0.1478170222068337,
                -0.02453412115849967,
                0.5158107586840838,
                0.1447159905425697,
                -0.8995677902298668,
                0.41211051049716974,
                2.6509420200479825,
                0.038846843326046356,
                -0.41100841685646705,
                -0.910803493645442,
                -5.257556400367619,
                0.0,
                0.0,
                0.0,
                1.0
            ],
            "fov": 90.0,
            "aspect": 1.7777777777777777,
            "model_sizes": [],
            "model_poses": []
        },
        {
            "camera_to_world": [
                0.991096861458453,
                0.1307626914609074,
                0.025062516416025846,
                0.6153929116738024,
                0.10902763375241883,
                -0.9051209715899085,
                0.41093673706117956,
                2.5416101859457054,
                0.07641980296724439,
                -0.4045456034985922,
                -0.9113193010160643,
                -5.095504168042494,
                0.0,
                0.0,
                0.0,
                1.0
            ],
            "fov": 90.0,
            "aspect": 1.7777777777777777,
            "model_sizes": [],
            "model_poses": []
        },
        {
            "camera_to_world": [
                0.9907833341924407,
                0.11340821774575371,
                0.07407402266815374,
                0.7149097965686994,
                0.07366411236786224,
                -0.9100242947948751,
                0.4079575730785563,
                2.4323224170594635,
                0.11367490151992835,
                -0.39874096733446185,
                -0.9099910206884531,
                -4.933516986393591,
                0.0,
                0.0,
                0.0,
                1.0
            ],
            "fov": 90.0,
            "aspect": 1.7777777777777777,
            "model_sizes": [],
            "model_poses": []
        },
        {
            "camera_to_world": [
                0.9878492689502439,
                0.0958119946083032,
                0.12236782062146499,
                0.8142961452739532,
                0.03872643186164185,
                -0.9142771775851541,
                0.4032338106138804,
                2.323122778605291,
                0.15051274135346204,
                -0.3935953559635881,
                -0.9068784981761134,
                -4.771659906097133,
                0.0,
                0.0,
                0.0,
                1.0
            ],
            "fov": 90.0,
            "aspect": 1.7777777777777777,
            "model_sizes": [],
            "model_poses": []
        },
        {
            "camera_to_world": [
                0.9823809613260674,
                0.07803120210897471,
                0.16981984077692444,
                0.9134866896947422,
                0.0043096184808110935,
                -0.9178817055267093,
                0.39683069670569604,
                2.214055335799223,
                0.18683970138228514,
                -0.3891070625892141,
                -0.9020457969696277,
                -4.6099979778293445,
                0.0,
                0.0,
                0.0,
                1.0
            ],
            "fov": 90.0,
            "aspect": 1.7777777777777777,
            "model_sizes": [],
            "model_poses": []
        },
        {
            "camera_to_world": [
                0.9744708041225727,
                0.0601215973290031,
                0.21631469078015902,
                1.012416161736245,
                -0.029497442428848608,
                -0.9208425051242597,
                0.38881741427903577,
                2.105164153857295,
                0.22256808576896953,
                -0.38527194848715335,
                -0.8955607030827388,
                -4.448596252266446,
                0.0,
                0.0,
                0.0,
                1.0
            ],
            "fov": 90.0,
            "aspect": 1.7777777777777777,
            "model_sizes": [],
            "model_poses": []
        },
        {
            "camera_to_world": [
                0.9642165718413302,
                0.042137323386590854,
                0.2617457708624281,
                1.1110192933036398,
                -0.06261212736764916,
                -0.9231666101937603,
                0.3792665702772373,
                1.9964932979955416,
                0.2576162341411157,
                -0.3820835717499186,
                -0.8874942366605961,
                -4.287519780084661,
                0.0,
                0.0,
                0.0,
                1.0
            ],
            "fov": 90.0,
            "aspect": 1.7777777777777777,
            "model_sizes": [],
            "model_poses": []
        },
        {
            "camera_to_world": [
                0.9517207157193623,
                0.024130737033635545,
                0.3060153375254877,
                1.209230816302105,
                -0.09495815655117548,
                -0.9248633226807583,
                0.3682536936193724,
                1.8880868334299974,
                0.2919085948974903,
                -0.3795333211855339,
                -0.8779201730993837,
                -4.1268336119602145,
                0.0,
                0.0,
                0.0,
                1.0
            ],
            "fov": 90.0,
            "aspect": 1.7777777777777777,
            "model_sizes": [],
            "model_poses": []
        },
        {
            "camera_to_world": [
                0.9370896728275151,
                0.006152254780239723,
                0.34903451812269176,
                1.3069854626368191,
                -0.12646563850935788,
                -0.9259440690739825,
                0.355856745366919,
                1.7799888253766971,
                0.3253757633205661,
                -0.3776105542855428,
                -0.8669145759160611,
                -3.966602798569326,
                0.0,
                0.0,
                0.0,
                1.0
            ],
            "fov": 90.0,
            "aspect": 1.7777777777777777,
            "model_sizes": [],
            "model_poses": []
        },
        {
            "camera_to_world": [
                0.9204331924403992,
                -0.011749782621834529,
                0.3907232791405121,
                1.4042179642129606,
                -0.15707107934900333,
                -0.9264222535207977,
                0.34215564325842485,
                1.6722433390516762,
                0.3579544863332683,
                -0.3763027382172325,
                -0.8545553433945045,
                -3.80689239058822,
                0.0,
                0.0,
                0.0,
                1.0
            ],
            "fov": 90.0,
            "aspect": 1.7777777777777777,
            "model_sizes": [],
            "model_poses": []
        },
        {
            "camera_to_world": [
                0.9018636825791096,
                -0.02952922761284754,
                0.43101035110706515,
                1.5008630529357077,
                -0.1867173587195466,
                -0.9263131087032785,
                0.3272318025456338,
                1.5648944396709692,
                0.38958763583774464,
                -0.375595592840301,
                -0.8409217708213411,
                -3.647767438693119,
                0.0,
                0.0,
                0.0,
                1.0
            ],
            "fov": 90.0,
            "aspect": 1.7777777777777777,
            "model_sizes": [],
            "model_poses": []
        },
        {
            "camera_to_world": [
                0.881495579319355,
                -0.04714222555020858,
                0.46983311314828385,
                1.596855460710239,
                -0.21535367460681076,
                -0.925633545481641,
                0.3111676948406286,
                1.4579861924506112,
                0.42022415265400764,
                -0.3754732347974486,
                -0.8260941299131481,
                -3.489292993560246,
                0.0,
                0.0,
                0.0,
                1.0
            ],
            "fov": 90.0,
            "aspect": 1.7777777777777777,
            "model_sizes": [],
            "model_poses": []
        },
        {
            "camera_to_world": [
                0.8594447411513318,
                -0.0645472971884475,
                0.5071374402792467,
                1.692129919441733,
                -0.24293545914422104,
                -0.9244020022560544,
                0.2940464264625307,
                1.3515626626066368,
                0.4498189631370678,
                -0.37591832178102763,
                -0.8101532668277215,
                -3.3315341058658228,
                0.0,
                0.0,
                0.0,
                1.0
            ],
            "fov": 90.0,
            "aspect": 1.7777777777777777,
            "model_sizes": [],
            "model_poses": []
        },
        {
            "camera_to_world": [
                0.8358278703757847,
                -0.08170540445733548,
                0.5428775165592544,
                1.7866211610353675,
                -0.2694242676761017,
                -0.9226382949392606,
                0.27595133755568124,
                1.2456679153550811,
                0.4783328705935613,
                -0.3769121961333123,
                -0.7931802199473246,
                -3.174555826286073,
                0.0,
                0.0,
                0.0,
                1.0
            ],
            "fov": 90.0,
            "aspect": 1.7777777777777777,
            "model_sizes": [],
            "model_poses": []
        },
        {
            "camera_to_world": [
                0.8107619632251661,
                -0.09858000015222458,
                0.5770156172559472,
                1.8802639173963218,
                -0.29478764333439583,
                -0.9203634683715298,
                0.2569656230402821,
                1.1403460159119794,
                0.5057324236437953,
                -0.3784350269955395,
                -0.7752558584224032,
                -3.0184232054972195,
                0.0,
                0.0,
                0.0,
                1.0
            ],
            "fov": 90.0,
            "aspect": 1.7777777777777777,
            "model_sizes": [],
            "model_poses": []
        },
        {
            "camera_to_world": [
                0.784363790111424,
                -0.11513706221238197,
                0.6095218631576264,
                1.9729929204297734,
                -0.3189989593994338,
                -0.9175996499468613,
                0.23717197625241526,
                1.0356410294933658,
                0.5319897636835887,
                -0.3804659502800479,
                -0.7564605422712937,
                -2.8632012941754845,
                0.0,
                0.0,
                0.0,
                1.0
            ],
            "fov": 90.0,
            "aspect": 1.7777777777777777,
            "model_sizes": [],
            "model_poses": []
        },
        {
            "camera_to_world": [
                0.7567494071242458,
                -0.13134511331594378,
                0.6403739501456351,
                2.0647429020409014,
                -0.34203724170840244,
                -0.914369906155673,
                0.21665225593418957,
                0.9315970213152756,
                0.5570824535933712,
                -0.3829832058000554,
                -0.7368738046460207,
                -2.708955142997091,
                0.0,
                0.0,
                0.0,
                1.0
            ],
            "fov": 90.0,
            "aspect": 1.7777777777777777,
            "model_sizes": [],
            "model_poses": []
        },
        {
            "camera_to_world": [
                0.7280336996370009,
                -0.14717522656429197,
                0.6695568570917712,
                2.155448594134884,
                -0.36388697335306475,
                -0.9106981026849551,
                0.19548717704742047,
                0.8282580565937436,
                0.5809932898208094,
                -0.385964270952342,
                -0.7165740566971571,
                -2.555749802638262,
                0.0,
                0.0,
                0.0,
                1.0
            ],
            "fov": 90.0,
            "aspect": 1.7777777777777777,
            "model_sizes": [],
            "model_poses": []
        },
        {
            "camera_to_world": [
                0.6983299586233258,
                -0.162601018064488,
                0.6970625350809897,
                2.2450447286168997,
                -0.3845378838723008,
                -0.9066087686525574,
                0.17375602570646675,
                0.7256682005448047,
                0.6037100999288955,
                -0.3893859904088557,
                -0.6956383153026847,
                -2.4036503237752203,
                0.0,
                0.0,
                0.0,
                1.0
            ],
            "fov": 90.0,
            "aspect": 1.7777777777777777,
            "model_sizes": [],
            "model_poses": []
        },
        {
            "camera_to_world": [
                0.6677494900463001,
                -0.1775986272461609,
                0.7228895808788404,
                2.3334660373921268,
                -0.4039847250963988,
                -0.90212696548844,
                0.15153639835830407,
                0.6238715183844943,
                0.625225527655176,
                -0.3932247013335998,
                -0.6741419537674601,
                -2.252721757084188,
                0.0,
                0.0,
                0.0,
                1.0
            ],
            "fov": 90.0,
            "aspect": 1.7777777777777777,
            "model_sizes": [],
            "model_poses": []
        },
        {
            "camera_to_world": [
                0.6364012574553428,
                -0.19214668576935096,
                0.7470428974678178,
                2.420647252365744,
                -0.4222270357399594,
                -0.8972781609126808,
                0.12890396518107652,
                0.5229120753288461,
                0.6455368074707324,
                -0.397456353700644,
                -0.652158475451698,
                -2.1030291532413887,
                0.0,
                0.0,
                0.0,
                1.0
            ],
            "fov": 90.0,
            "aspect": 1.7777777777777777,
            "model_sizes": [],
            "model_poses": []
        },
        {
            "camera_to_world": [
                0.6043915577139268,
                -0.2062262758926184,
                0.769533344368907,
                2.506523105442929,
                -0.43926889677004854,
                -0.89208810839834,
                0.10593225752667151,
                0.422833936593896,
                0.6646455305608829,
                -0.40205662534739345,
                -0.6297593101492895,
                -1.9546375629230446,
                0.0,
                0.0,
                0.0,
                1.0
            ],
            "fov": 90.0,
            "aspect": 1.7777777777777777,
            "model_sizes": [],
            "model_poses": []
        },
        {
            "camera_to_world": [
                0.5718237295845258,
                -0.2198208791766884,
                0.7903773803456365,
                2.5910283285288607,
                -0.45511867949705104,
                -0.8865827324471182,
                0.08269247909854213,
                0.32368116739567876,
                0.6825574040744878,
                -0.40700103145396327,
                -0.6070136329099263,
                -1.807612036805379,
                0.0,
                0.0,
                0.0,
                1.0
            ],
            "fov": 90.0,
            "aspect": 1.7777777777777777,
            "model_sizes": [],
            "model_poses": []
        },
        {
            "camera_to_world": [
                0.5387978947161712,
                -0.2329163163984606,
                0.8095967009596775,
                2.6740976535287175,
                -0.4697887882487683,
                -0.880788019947623,
                0.05925334043325414,
                0.22549783295022863,
                0.699282005406385,
                -0.4122650281943853,
                -0.5839882048832038,
                -1.662017625564613,
                0.0,
                0.0,
                0.0,
                1.0
            ],
            "fov": 90.0,
            "aspect": 1.7777777777777777,
            "model_sizes": [],
            "model_poses": []
        },
        {
            "camera_to_world": [
                0.5054107304148352,
                -0.24550067954382987,
                0.8272178733109316,
                2.755665812347678,
                -0.4832953993948336,
                -0.8747299178300564,
                0.03568091614309285,
                0.12832799847358123,
                0.7148325331889497,
                -0.41782411035810263,
                -0.5607472356580357,
                -1.5179193798769721,
                0.0,
                0.0,
                0.0,
                1.0
            ],
            "fov": 90.0,
            "aspect": 1.7777777777777777,
            "model_sizes": [],
            "model_poses": []
        },
        {
            "camera_to_world": [
                0.4717552734275897,
                -0.25756425673592626,
                0.8432719701527674,
                2.83566753689092,
                -0.4956581983896467,
                -0.8684342371776627,
                0.012038524277522694,
                0.03221572918177129,
                0.7292255565751858,
                -0.4236539027906161,
                -0.5373522664769261,
                -1.3753823504186768,
                0.0,
                0.0,
                0.0,
                1.0
            ],
            "fov": 90.0,
            "aspect": 1.7777777777777777,
            "model_sizes": [],
            "model_poses": []
        },
        {
            "camera_to_world": [
                0.4379207538381101,
                -0.2690994509385663,
                0.8577942054260006,
                2.914037559063623,
                -0.5069001163988288,
                -0.8619265639044418,
                -0.011613372926787352,
                -0.06279490970916646,
                0.7424807642981166,
                -0.42973024554997863,
                -0.5138620736217454,
                -1.2344715878659516,
                0.0,
                0.0,
                0.0,
                1.0
            ],
            "fov": 90.0,
            "aspect": 1.7777777777777777,
            "model_sizes": [],
            "model_poses": []
        },
        {
            "camera_to_world": [
                0.40399245805331735,
                -0.28010069325341536,
                0.8708235731047907,
                2.990710610770964,
                -0.5170470679677645,
                -0.8552321760606034,
                -0.0352172477144847,
                -0.15665985298319685,
                0.7546207148905845,
                -0.4360292727209969,
                -0.49033259119542744,
                -1.095252142895018,
                0.0,
                0.0,
                0.0,
                1.0
            ],
            "fov": 90.0,
            "aspect": 1.7777777777777777,
            "model_sizes": [],
            "model_poses": []
        },
        {
            "camera_to_world": [
                0.37005161975858103,
                -0.2905643516040588,
                0.8824024910951712,
                3.0656214239181225,
                -0.5261276910820569,
                -0.8483759677822078,
                -0.05871856577154311,
                -0.24933503542428515,
                0.7656705893468251,
                -0.44252748487129734,
                -0.46681685246225846,
                -0.9577890661820998,
                0.0,
                0.0,
                0.0,
                1.0
            ],
            "fov": 90.0,
            "aspect": 1.7777777777777777,
            "model_sizes": [],
            "model_poses": []
        },
        {
            "camera_to_world": [
                0.3361753376314569,
                -0.30048863557136724,
                0.8925764517736472,
                3.1387047304102764,
                -0.5341730908596902,
                -0.8413823798594116,
                -0.08206582640489052,
                -0.3407763918163971,
                0.775657947403223,
                -0.4492018151728358,
                -0.4433649488577645,
                -0.8221474084034179,
                0.0,
                0.0,
                0.0,
                1.0
            ],
            "fov": 90.0,
            "aspect": 1.7777777777777777,
            "model_sizes": [],
            "model_poses": []
        },
        {
            "camera_to_world": [
                0.30243651853097997,
                -0.3098734981126822,
                0.9013936806003635,
                3.2098952621526045,
                -0.5412165880041746,
                -0.8342753368588945,
                -0.10521058491472757,
                -0.43093985694349657,
                0.7846124885113543,
                -0.456029689248835,
                -0.420024005737329,
                -0.6883922202351975,
                0.0,
                0.0,
                0.0,
                1.0
            ],
            "fov": 90.0,
            "aspect": 1.7777777777777777,
            "model_sizes": [],
            "model_poses": []
        },
        {
            "camera_to_world": [
                0.2689038448204992,
                -0.31872053486289387,
                0.9089048040897703,
                3.279127751050285,
                -0.5472934730377952,
                -0.8270781907002664,
                -0.12810745816774874,
                -0.5197813655895498,
                0.7925658184724982,
                -0.4629890788395383,
                -0.3968381739000604,
                -0.5565885523536593,
                0.0,
                0.0,
                0.0,
                1.0
            ],
            "fov": 90.0,
            "aspect": 1.7777777777777777,
            "model_sizes": [],
            "model_poses": []
        },
        {
            "camera_to_world": [
                0.23564176443626794,
                -0.3270328816788999,
                0.9151625282725234,
                3.346336929008496,
                -0.5524407672250373,
                -0.8198136705537638,
                -0.1507141144053124,
                -0.6072568525385216,
                0.7995512226000124,
                -0.4700585494105603,
                -0.3738486359007688,
                -0.4268014554350277,
                0.0,
                0.0,
                0.0,
                1.0
            ],
            "fov": 90.0,
            "aspect": 1.7777777777777777,
            "model_sizes": [],
            "model_poses": []
        },
        {
            "camera_to_world": [
                0.20271050228088727,
                -0.3348151110506184,
                0.9202213286363192,
                3.4114575279324164,
                -0.5566969909889579,
                -0.8125038388970353,
                -0.17299124833765717,
                -0.6933222525743767,
                0.8056034461748973,
                -0.47721730185497563,
                -0.3510936261474803,
                -0.2990959801555233,
                0.0,
                0.0,
                0.0,
                1.0
            ],
            "fov": 90.0,
            "aspect": 1.7777777777777777,
            "model_sizes": [],
            "model_poses": []
        },
        {
            "camera_to_world": [
                0.17016609149940543,
                -0.342073127962121,
                0.9241371523913681,
                3.4744242797272236,
                -0.5601019405183864,
                -0.8051700535426012,
                -0.19490254258409134,
                -0.7779335004810797,
                0.810758482861175,
                -0.4844452084647096,
                -0.3286084637744901,
                -0.1735371771913723,
                0.0,
                0.0,
                0.0,
                1.0
            ],
            "fov": 90.0,
            "aspect": 1.7777777777777777,
            "model_sizes": [],
            "model_poses": []
        },
        {
            "camera_to_world": [
                0.13806042318576617,
                -0.3488140657459062,
                0.9269671337688181,
                3.5351719162980975,
                -0.562696473161849,
                -0.7978329354242111,
                -0.21641461652024238,
                -0.8610465310425979,
                0.8150533716518102,
                -0.49172284336829186,
                -0.30642559728067564,
                -0.05019009721879364,
                0.0,
                0.0,
                0.0,
                1.0
            ],
            "fov": 90.0,
            "aspect": 1.7777777777777777,
            "model_sizes": [],
            "model_poses": []
        },
        {
            "camera_to_world": [
                0.10644131306742943,
                -0.35504618243224106,
                0.9287693229283431,
                3.593635169550216,
                -0.5645223021055333,
                -0.790512341910071,
                -0.23749696358758673,
                -0.9426172790428935,
                0.8185260028233374,
                -0.4990315076507157,
                -0.2845746599293465,
                0.07088020908598658,
                0.0,
                0.0,
                0.0,
                1.0
            ],
            "fov": 90.0,
            "aspect": 1.7777777777777777,
            "model_sizes": [],
            "model_poses": []
        },
        {
            "camera_to_world": [
                0.07535258372573395,
                -0.36077875805418114,
                0.9296024289247199,
                3.649748771388757,
                -0.5656218007378384,
                -0.783227345393421,
                -0.25812187810811393,
                -1.0226016792659336,
                0.8212149332884427,
                -0.5063532493870831,
                -0.263082534918609,
                0.1896086910467485,
                0.0,
                0.0,
                0.0,
                1.0
            ],
            "fov": 90.0,
            "aspect": 1.7777777777777777,
            "model_sizes": [],
            "model_poses": []
        },
        {
            "camera_to_world": [
                0.044834160927916256,
                -0.36602199332765534,
                0.9295255770630194,
                3.7034474537188995,
                -0.5660378170124486,
                -0.7759962168962449,
                -0.278264372628796,
                -1.1009556664956826,
                0.8231592116508636,
                -0.513670878835043,
                -0.24197342934951135,
                0.3059302979872669,
                0.0,
                0.0,
                0.0,
                1.0
            ],
            "fov": 90.0,
            "aspect": 1.7777777777777777,
            "model_sizes": [],
            "model_poses": []
        },
        {
            "camera_to_world": [
                0.014922182672971629,
                -0.3707869100851716,
                0.928598080858326,
                3.7546659484458216,
                -0.5658134980356971,
                -0.7688364144098239,
                -0.2979020867970801,
                -1.177635175516106,
                0.8243982131863722,
                -0.5209679790418388,
                -0.22126895604259497,
                0.41977997923132016,
                0.0,
                0.0,
                0.0,
                1.0
            ],
            "fov": 90.0,
            "aspect": 1.7777777777777777,
            "model_sizes": [],
            "model_poses": []
        },
        {
            "camera_to_world": [
                -0.014350880413139588,
                -0.37508525380151425,
                0.9268792287089088,
                3.8033389874747017,
                -0.5649921250224945,
                -0.7617645756862006,
                -0.3170151887405225,
                -1.252596141111169,
                0.8249714848974684,
                -0.5282289121302212,
                -0.2009882222812807,
                0.5310926841026857,
                0.0,
                0.0,
                0.0,
                1.0
            ],
            "fov": 90.0,
            "aspect": 1.7777777777777777,
            "model_sizes": [],
            "model_poses": []
        },
        {
            "camera_to_world": [
                -0.04295609465794281,
                -0.37892939851050855,
                0.9244280852917668,
                3.849401302710718,
                -0.5636169586884555,
                -0.7547965151874128,
                -0.33558626989153445,
                -1.3257944980648362,
                0.8249186007179823,
                -0.5354388215337044,
                -0.18114792459226287,
                0.6398033619251411,
                0.0,
                0.0,
                0.0,
                1.0
            ],
            "fov": 90.0,
            "aspect": 1.7777777777777777,
            "model_sizes": [],
            "model_poses": []
        },
        {
            "camera_to_world": [
                -0.07086792417853272,
                -0.3823322543737467,
                0.9213033075964262,
                3.89278762605905,
                -0.5617310950741705,
                -0.7479472248942166,
                -0.35360023416255604,
                -1.3971861811610724,
                0.824279026877064,
                -0.542583630455739,
                -0.16176244870819434,
                0.7458469620224619,
                0.0,
                0.0,
                0.0,
                1.0
            ],
            "fov": 90.0,
            "aspect": 1.7777777777777777,
            "model_sizes": [],
            "model_poses": []
        },
        {
            "camera_to_world": [
                -0.0980640842036693,
                -0.38530717812527615,
                0.9175629754269906,
                3.9334326894248743,
                -0.5593773317309437,
                -0.7412308786730265,
                -0.3710441823384141,
                -1.4667271251838434,
                0.8230919973701999,
                -0.5496500368295715,
                -0.14284397389594472,
                0.8491584337184266,
                0.0,
                0.0,
                0.0,
                1.0
            ],
            "fov": 90.0,
            "aspect": 1.7777777777777777,
            "model_sizes": [],
            "model_poses": []
        },
        {
            "camera_to_world": [
                -0.12452538805872626,
                -0.387867886580829,
                0.9132644361235935,
                3.9712712247133712,
                -0.5565980441357504,
                -0.7346608398986045,
                -0.38790729251167066,
                -1.5343732649171145,
                0.8213963994278775,
                -0.5566255050559566,
                -0.12440258087403344,
                0.9496727263368108,
                0.0,
                0.0,
                0.0,
                1.0
            ],
            "fov": 90.0,
            "aspect": 1.7777777777777777,
            "model_sizes": [],
            "model_poses": []
        },
        {
            "camera_to_world": [
                -0.15023558893357036,
                -0.39002837336635027,
                0.908464163182556,
                4.006237963829718,
                -0.5534350721466534,
                -0.7282496720305475,
                -0.40418069734393314,
                -1.6000805351448504,
                0.8192306688203338,
                -0.5634982547946341,
                -0.1064463625850589,
                1.0473247892013964,
                0.0,
                0.0,
                0.0,
                1.0
            ],
            "fov": 90.0,
            "aspect": 1.7777777777777777,
            "model_sizes": [],
            "model_poses": []
        },
        {
            "camera_to_world": [
                -0.17518121749430327,
                -0.3918028289884977,
                0.9032176283896503,
                4.038267638679093,
                -0.5499296162584214,
                -0.7220091518437757,
                -0.4198573588919198,
                -1.663804870651017,
                0.8166326947894504,
                -0.5702572470827907,
                -0.08898153713258727,
                1.1420495716359556,
                0.0,
                0.0,
                0.0,
                1.0
            ],
            "fov": 90.0,
            "aspect": 1.7777777777777777,
            "model_sizes": [],
            "model_poses": []
        },
        {
            "camera_to_world": [
                -0.199351416338708,
                -0.3932055643395266,
                0.8975791870226186,
                4.067294981166675,
                -0.5461221433715022,
                -0.7159502850166153,
                -0.43493194169196525,
                -1.725502206219577,
                0.8136397343561013,
                -0.5768921680496808,
                -0.07201256223653907,
                1.2337820229642666,
                0.0,
                0.0,
                0.0,
                1.0
            ],
            "fov": 90.0,
            "aspect": 1.7777777777777777,
            "model_sizes": [],
            "model_poses": []
        },
        {
            "camera_to_world": [
                -0.22273777223304692,
                -0.39425093770063613,
                0.8916019756274819,
                4.093254723197643,
                -0.5420523017457379,
                -0.7100833237848896,
                -0.4494006847510934,
                -1.7851284766344984,
                0.8102883357131628,
                -0.583393410491388,
                -0.055542250606361976,
                1.322457092510108,
                0.0,
                0.0,
                0.0,
                1.0
            ],
            "fov": 90.0,
            "aspect": 1.7777777777777777,
            "model_sizes": [],
            "model_poses": []
        },
        {
            "camera_to_world": [
                -0.24533414700496636,
                -0.3949532852814711,
                0.8853378218277577,
                4.116081596677175,
                -0.5377588447730786,
                -0.704417786376127,
                -0.46326127304716613,
                -1.8426396166797439,
                0.8066142703806258,
                -0.5897520535634699,
                -0.039571885676582264,
                1.4080097295972571,
                0.0,
                0.0,
                0.0,
                1.0
            ],
            "fov": 90.0,
            "aspect": 1.7777777777777777,
            "model_sizes": [],
            "model_poses": []
        },
        {
            "camera_to_world": [
                -0.2671365079043987,
                -0.39532685530914524,
                0.8788371655864501,
                4.135710333510448,
                -0.5332795631709628,
                -0.6989624779448333,
                -0.4765127090953669,
                -1.897991561139281,
                0.8026524737698318,
                -0.59595984084215,
                -0.02410133719462343,
                1.4903748835494905,
                0.0,
                0.0,
                0.0,
                1.0
            ],
            "fov": 90.0,
            "aspect": 1.7777777777777777,
            "model_sizes": [],
            "model_poses": []
        },
        {
            "camera_to_world": [
                -0.2881427581818313,
                -0.3953857456578399,
                0.8721489913070823,
                4.152075665602642,
                -0.5286512251697275,
                -0.6937255127372173,
                -0.4891551850936792,
