{"default_fov": 75.0, "default_transition_sec": 0.5, "keyframes": [{"matrix": [0.49412729026667707, -0.17737519956447217, 0.8511029665047436, 0.6614898346950273, 0.8693895680382362, 0.10081316643694677, -0.48373389839791614, -0.49078669009415676, 1.1747208761292427e-08, 0.9789661608311188, 0.20402268488474448, -0.12678810096004084, 0.0, 0.0, 0.0, 1.0], "fov": 50.0, "aspect": 1.7569444444444444, "override_transition_enabled": null, "override_transition_sec": null}, {"matrix": [0.995574006649715, -0.029681267817992678, 0.08917073300220155, 0.034390819244167994, 0.0939808346602291, 0.3144247222499986, -0.9446188102904673, -0.9478966432972769, 9.370989678680886e-10, 0.9488182736323789, 0.31582255084346367, 0.00041692819141442294, 0.0, 0.0, 0.0, 1.0], "fov": 50.0, "aspect": 1.7569444444444444, "override_transition_enabled": null, "override_transition_sec": null}, {"matrix": [0.6141639791131239, 0.19490191394485745, -0.7647325354008196, -0.8612038942074545, -0.7891784378452913, 0.15167891028481395, -0.5951393966247548, -0.6830639016945493, -9.837213099661568e-09, 0.9690236076151307, 0.24696811106812386, -0.037232482990118554, 0.0, 0.0, 0.0, 1.0], "fov": 50.0, "aspect": 1.7569444444444444, "override_transition_enabled": null, "override_transition_sec": null}, {"matrix": [-0.6314031875039354, 0.18691110230252622, -0.7525916918528431, -0.6830667816953134, -0.7754547148672644, -0.15218974651028994, 0.6127872928245687, 0.3216002699644835, 9.569986691992938e-09, 0.9705166257685586, 0.24103418659354436, -0.12150973574181892, 0.0, 0.0, 0.0, 1.0], "fov": 50.0, "aspect": 1.7569444444444444, "override_transition_enabled": null, "override_transition_sec": null}, {"matrix": [-0.9999959690362241, 0.0009630308894341235, -0.0026710452654064016, -0.048508239520275526, -0.002839350507396759, -0.3391715741161575, 0.9407202460882111, 0.5910617241542285, 2.809561914715597e-11, 0.9407240381127051, 0.3391729413100725, -0.04893293767515042, 0.0, 0.0, 0.0, 1.0], "fov": 50.0, "aspect": 1.7569444444444444, "override_transition_enabled": null, "override_transition_sec": null}], "camera_type": "perspective", "render_height": 1080.0, "render_width": 1920.0, "fps": 30.0, "seconds": 2.0, "is_cycle": false, "smoothness_value": 0.0, "camera_path": [{"camera_to_world": [0.49412729026667707, -0.17737519956447217, 0.8511029665047436, 0.6614898346950273, 0.8693895680382362, 0.10081316643694677, -0.48373389839791614, -0.49078669009415676, 1.1747208761292427e-08, 0.9789661608311188, 0.20402268488474448, -0.12678810096004084, 0.0, 0.0, 0.0, 1.0], "fov": 50.0, "aspect": 1.7777777777777777}, {"camera_to_world": [0.5733146917247186, -0.17306416057188267, 0.8008489624006143, 0.6115055550512732, 0.8193200367190054, 0.12705405450423957, -0.5590813399361507, -0.5348347767029391, -0.004994164931058143, 0.9766811473349855, 0.2146368904849724, -0.11482942317607565, 0.0, 0.0, 0.0, 1.0], "fov": 50.0, "aspect": 1.7777777777777777}, {"camera_to_world": [0.6441805531582503, -0.16685308307398294, 0.7464525863050093, 0.5617403203703859, 0.7648219545000022, 0.1518408385807337, -0.62609243539105, -0.5785192716225633, -0.008876533531014974, 0.9742198973577814, 0.2254258164999445, -0.10296391528069618, 0.0, 0.0, 0.0, 1.0], "fov": 50.0, "aspect": 1.7777777777777777}, {"camera_to_world": [0.7068681484323881, -0.15903496903465453, 0.6892353004278828, 0.5124131756152325, 0.7072486024540146, 0.17501994290426315, -0.6849579796692874, -0.6214765831638709, -0.01169765184174626, 0.9716356818324116, 0.2361932825705556, -0.09128474716248822, 0.0, 0.0, 0.0, 1.0], "fov": 50.0, "aspect": 1.7777777777777777}, {"camera_to_world": [0.7616704050357049, -0.14989830909668328, 0.6303877307044453, 0.4637431657486797, 0.6478233545858592, 0.1964805116895776, -0.7360165146104577, -0.6633431196377038, -0.013531272884299228, 0.9689818911910361, 0.24676101636598452, -0.07988508871003755, 0.0, 0.0, 0.0, 1.0], "fov": 50.0, "aspect": 1.7777777777777777}, {"camera_to_world": [0.8089975732621735, -0.13972181056947736, 0.5709647468163874, 0.4159493357335943, 0.5876338678399178, 0.21614914609044444, -0.7797217349874699, -0.7037552893549037, -0.01446940991928558, 0.9663112139965877, 0.2569694026163988, -0.06885810981192989, 0.0, 0.0, 0.0, 1.0], "fov": 50.0, "aspect": 1.7777777777777777}, {"camera_to_world": [0.8493476486586407, -0.1287703346150216, 0.5118855073560628, 0.36925073053284346, 0.5276313988152137, 0.2339844521969049, -0.8166127497868346, -0.7423495006263126, -0.014617752985299576, 0.9636749851756296, 0.2666774160749482, -0.05829698035675098, 0.0, 0.0, 0.0, 1.0], "fov": 50.0, "aspect": 1.7777777777777777}, {"camera_to_world": [0.8832799065914074, -0.11729190821625635, 0.4539374570123772, 0.3238663951092938, 0.4686342244073882, 0.24997159475023756, -0.8472875341536122, -0.7787621617627718, -0.014091498357527682, 0.9611226821197242, 0.27576188929768286, -0.04829487023308664, 0.0, 0.0, 0.0, 1.0], "fov": 50.0, "aspect": 1.7777777777777777}, {"camera_to_world": [0.9113917125336979, -0.10551566526742581, 0.39778334644384755, 0.28001537442581237, 0.4113342242502831, 0.26411700696351836, -0.872379712391944, -0.8126296810751235, -0.01301162116383986, 0.9587015442857102, 0.2841162556047847, -0.03894494932952257, 0.0, 0.0, 0.0, 1.0], "fov": 50.0, "aspect": 1.7777777777777777}, {"camera_to_world": [0.9342986159804554, -0.09365056795490898, 0.34397044538554267, 0.23791671344526585, 0.3563057808467185, 0.2764433675660131, -0.8925386574619456, -0.8435884668742091, -0.011501596072537618, 0.9564562905070388, 0.2916488944558149, -0.03034038753464454, 0.0, 0.0, 0.0, 1.0], "fov": 50.0, "aspect": 1.7777777777777777}, {"camera_to_world": [0.9526176164519402, -0.08188476254960124, 0.2929412270193794, 0.1977894571305213, 0.3040162599216442, 0.28698492248098706, -0.9084127740030065, -0.8712749274708707, -0.009684551031381106, 0.954428907740528, 0.29828119206638437, -0.02257435473703831, 0.0, 0.0, 0.0, 1.0], "fov": 50.0, "aspect": 1.7777777777777777}, {"camera_to_world": [0.9669534027647958, -0.07038543110499383, 0.24504491010781454, 0.15985265044444555, 0.2548374419611644, 0.29578320055230595, -0.9206357458005445, -0.8953254711759495, -0.007680823931902711, 0.952658485166221, 0.3039454154688446, -0.015740020825289632, 0.0, 0.0, 0.0, 1.0], "fov": 50.0, "aspect": 1.7777777777777777}, {"camera_to_world": [0.9778873071849423, -0.0592990109123909, 0.20054934991516304, 0.1243253383499054, 0.209057380981278, 0.30288315032961194, -0.9298154702432405, -0.9153765063002879, -0.005605881182396494, 0.9511810682258252, 0.308582484183641, -0.00993055568798426, 0.0, 0.0, 0.0, 1.0], "fov": 50.0, "aspect": 1.7777777777777777}, {"camera_to_world": [0.9859686797535174, -0.048751665737053404, 0.15965286603430745, 0.09142656580976785, 0.16689226464060403, 0.3083297077875127, -0.9365253671411137, -0.9310644411547274, -0.0035685498786621334, 0.9500295081646305, 0.31213971081590025, -0.005239129213707949, 0.0, 0.0, 0.0, 1.0], "fov": 50.0, "aspect": 1.7777777777777777}, {"camera_to_world": [0.9917083707151307, -0.03884990593192376, 0.12249568262849779, 0.06137537778689974, 0.12849793845288174, 0.31216479255350466, -0.941297732974741, -0.9420256840501097, -0.0016695109764231636, 0.9492332838133668, 0.31456857063920346, -0.0017589112910464666, 0.0, 0.0, 0.0, 1.0], "fov": 50.0, "aspect": 1.7777777777777777}, {"camera_to_world": [0.995574006649715, -0.029681267817992678, 0.08917073300220155, 0.034390819244167994, 0.0939808346602291, 0.3144247222499986, -0.9446188102904673, -0.9478966432972769, 9.370989678680886e-10, 0.9488182736323789, 0.31582255084346367, 0.00041692819141442294, 0.0, 0.0, 0.0, 1.0], "fov": 50.0, "aspect": 1.7777777777777777}, {"camera_to_world": [0.9984705649446999, -0.019044796222639774, 0.05190208739395913, 0.0016170521948781658, 0.05525999556902127, 0.31505410744472323, -0.947463583612542, -0.9486305735716231, 0.0016922850598510772, 0.9488826087135578, 0.3156246680033569, 0.0013639041687437833, 0.0, 0.0, 0.0, 1.0], "fov": 50.0, "aspect": 1.7777777777777777}, {"camera_to_world": [0.9999795072372009, -0.005085691704302396, 0.003888553141438548, -0.04448864869245792, 0.005288153590749479, 0.31381936273941086, -0.9494679789236868, -0.9447316994838809, 0.0036083981550883775, 0.9494690849678671, 0.313839825632496, 0.0012992964627682184, 0.0, 0.0, 0.0, 1.0], "fov": 50.0, "aspect": 1.7777777777777777}, {"camera_to_world": [0.9985142871587925, 0.011556153890297516, -0.05325104362387774, -0.10173756947216425, -0.05420551270593797, 0.31047689575267773, -0.9490341719854283, -0.9366628842478997, 0.00556603378131729, 0.9505106798511234, 0.310642023488292, 0.00034258251503837476, 0.0, 0.0, 0.0, 1.0], "fov": 50.0, "aspect": 1.7777777777777777}, {"camera_to_world": [0.992585593131144, 0.030187666010205845, -0.11773931004278664, -0.1679409961985649, -0.12132389124485732, 0.30482004993951567, -0.9446508617304479, -0.9248869910775287, 0.007372497656914487, 0.9519314271394383, 0.3062224751754374, -0.001386760232895104, 0.0, 0.0, 0.0, 1.0], "fov": 50.0, "aspect": 1.7777777777777777}, {"camera_to_world": [0.9809621717852068, 0.05008142587760313, -0.18763013699434425, -0.24091021492598372, -0.19399730245535052, 0.29672898232915645, -0.9350491739400396, -0.9098668831866169, 0.008846703708019876, 0.9536476088304157, 0.3007955684605962, -0.003769254339481569, 0.0, 0.0, 0.0, 1.0], "fov": 50.0, "aspect": 1.7777777777777777}, {"camera_to_world": [0.9628042814212079, 0.07050310419403359, -0.26083946782647127, -0.3184565117087448, -0.270020584972282, 0.28620864252192757, -0.9193331804286095, -0.8920654237890131, 0.009838666993965822, 0.9555699478556036, 0.2946001958366985, -0.006685422363170375, 0.0, 0.0, 0.0, 1.0], "fov": 50.0, "aspect": 1.7777777777777777}, {"camera_to_world": [0.9377619608504177, 0.09074563925418966, -0.33521296773592757, -0.39839117260117207, -0.3471275448567316, 0.2734126664170032, -0.8970774668023282, -0.8719454760985668, 0.01024560314073042, 0.9576067787975882, 0.2878963091413116, -0.010015786862410881, 0.0, 0.0, 0.0, 1.0], "fov": 50.0, "aspect": 1.7777777777777777}, {"camera_to_world": [0.9060311497846079, 0.11016652569947222, -0.40862071929270666, -0.47852548365758996, -0.4230922861357042, 0.258651971545255, -0.868384750573279, -0.8499699033291266, 0.010023623718237895, 0.9596679083052951, 0.2809573503870205, -0.013640870395652455, 0.0, 0.0, 0.0, 1.0], "fov": 50.0, "aspect": 1.7777777777777777}, {"camera_to_world": [0.8683638142386347, 0.12822350566759444, -0.4790647333244667, -0.5566707309323219, -0.49584246808618915, 0.24238829070539902, -0.8338993724491653, -0.826601568694542, 0.009194180938316365, 0.9616686794958166, 0.27405988016060673, -0.017441195521344426, 0.0, 0.0, 0.0, 1.0], "fov": 50.0, "aspect": 1.7777777777777777}, {"camera_to_world": [0.8260329080899846, 0.14450369774010643, -0.5447828155254524, -0.6306382004796918, -0.5635672928666502, 0.2252145520077648, -0.7947768944646649, -0.8023033354086623, 0.007844817611551202, 0.9635336459633248, 0.26747218908376946, -0.021297284797936144, 0.0, 0.0, 0.0, 1.0], "fov": 50.0, "aspect": 1.7777777777777777}, {"camera_to_world": [0.7807581754862006, 0.15874174272316707, -0.6043324668828168, -0.6982391783540238, -0.6248033003634147, 0.20782556707437583, -0.752615020794296, -0.777538066685336, 0.006124317630858633, 0.9651992503040115, 0.26144387532724955, -0.025089660783876977, 0.0, 0.0, 0.0, 1.0], "fov": 50.0, "aspect": 1.7777777777777777}, {"camera_to_world": [0.7346032764677706, 0.17082372539492546, -0.656640907227851, -0.7572849506096422, -0.678483683532304, 0.19098358490429285, -0.7093554549572034, -0.7527686257384125, 0.004232893012180383, 0.966614982885794, 0.256198277662914, -0.02869884603761627, 0.0, 0.0, 0.0, 1.0], "fov": 50.0, "aspect": 1.7777777777777777}, {"camera_to_world": [0.6898574339893035, 0.18077516330027427, -0.701011455757645, -0.8055868033008711, -0.7239412408176569, 0.1754836431731594, -0.6671690721414375, -0.7284578757817407, 0.0024084461972108673, 0.9677426472530982, 0.2519292918151454, -0.03200536311760342, 0.0, 0.0, 0.0, 1.0], "fov": 50.0, "aspect": 1.7777777777777777}, {"camera_to_world": [0.6489150241028849, 0.18873289332442855, -0.7370815331229932, -0.8409560224820336, -0.7608603440960482, 0.1621231651091312, -0.6283371834588819, -0.70506868002917, 0.0009100964758736452, 0.9685535474677626, 0.24880353175149528, -0.0348897345822877, 0.0, 0.0, 0.0, 1.0], "fov": 50.0, "aspect": 1.7777777777777777}, {"camera_to_world": [0.6141639791131239, 0.19490191394485745, -0.7647325354008196, -0.8612038942074545, -0.7891784378452913, 0.15167891028481395, -0.5951393966247548, -0.6830639016945493, -9.837213099661568e-09, 0.9690236076151307, 0.24696811106812386, -0.037232482990118554, 0.0, 0.0, 0.0, 1.0], "fov": 50.0, "aspect": 1.7777777777777777}, {"camera_to_world": [0.5748480567285843, 0.20137501561125004, -0.7930938246909627, -0.8701935123998744, -0.8182601002291773, 0.14106051617250476, -0.5572722307365436, -0.6531538369713806, -0.00034647988015429343, 0.9693038913904739, 0.2458655040606089, -0.04006429834112714, 0.0, 0.0, 0.0, 1.0], "fov": 50.0, "aspect": 1.7777777777777777}, {"camera_to_world": [0.5190911478172902, 0.20946071569142222, -0.8286558929011278, -0.8736411458632555, -0.85471880404956, 0.12677666736306675, -0.5033720717485272, -0.6073679668244261, -0.0003824419147489544, 0.9695637602521826, 0.24483865818908232, -0.04433534718055756, 0.0, 0.0, 0.0, 1.0], "fov": 50.0, "aspect": 1.7777777777777777}, {"camera_to_world": [0.44768908622762, 0.21815099475099442, -0.8671704708774569, -0.8721378429737527, -0.8941892670727257, 0.10901268043821216, -0.43421399120205456, -0.5481479316244237, -0.00019163668830946, 0.9698073927295192, 0.2438720654001844, -0.04980536688467862, 0.0, 0.0, 0.0, 1.0], "fov": 50.0, "aspect": 1.7777777777777777}, {"camera_to_world": [0.3619335815000231, 0.22642626742248978, -0.9042871380284503, -0.8662746521075213, -0.9322038727302802, 0.08806653247558294, -0.3510558723684806, -0.47793537174211265, 0.0001491617712934823, 0.9700388813232417, 0.24294967888828276, -0.056234094829758975, 0.0, 0.0, 0.0, 1.0], "fov": 50.0, "aspect": 1.7777777777777777}, {"camera_to_world": [0.26385834106516304, 0.23333795356809267, -0.9359124827007037, -0.8566426216407168, -0.9645612741028304, 0.06440311101970264, -0.255878462931347, -0.3991719275482307, 0.0005695186255495477, 0.9702606035059028, 0.2420620518232806, -0.06338126839206745, 0.0, 0.0, 0.0, 1.0], "fov": 50.0, "aspect": 1.7777777777777777}, {"camera_to_world": [0.15631927202954288, 0.23809318141382646, -0.9585801594840133, -0.8438327999494944, -0.9877060662317436, 0.03867020131082677, -0.15146399657870574, -0.31429923941351734, 0.0010059429247341045, 0.9704721801756209, 0.24121097732899593, -0.0710066249478727, 0.0, 0.0, 0.0, 1.0], "fov": 50.0, "aspect": 1.7777777777777777}, {"camera_to_world": [0.042903993459214584, 0.24013219400963842, -0.9697916151139732, -0.8284362354100094, -0.9990782139928256, 0.011675678736704831, -0.04130860504716477, -0.22575894770871002, 0.0014034493781673874, 0.9706699788940392, 0.24041177675747993, -0.07886990187344356, 0.0, 0.0, 0.0, 1.0], "fov": 50.0, "aspect": 1.7777777777777777}, {"camera_to_world": [-0.07230687898022181, 0.23918692705926053, -0.9682775062842717, -0.8110439763984173, -0.9973809531065163, -0.015668515969615604, 0.07060971595784182, -0.13599269280454823, 0.001717449410248928, 0.9708471102759992, 0.23969342676899852, -0.08673083654504866, 0.0, 0.0, 0.0, 1.0], "fov": 50.0, "aspect": 1.7777777777777777}, {"camera_to_world": [-0.18507797583560048, 0.23531078190027865, -0.9541357234597583, -0.792247071290873, -0.9827219723229499, -0.042424206682305066, 0.18016023923460023, -0.04744211507176974, 0.0019151956266074133, 0.9709938324257557, 0.23909686199708963, -0.09434916633895685, 0.0, 0.0, 0.0, 1.0], "fov": 50.0, "aspect": 1.7777777777777777}, {"camera_to_world": [-0.29138941807797547, 0.2288742433399928, -0.9288211818039707, -0.7726365684635323, -0.9566024787135556, -0.06771109299542988, 0.2834200162381716, 0.03745114511888579, 0.0019760443466662614, 0.9710982383986236, 0.23867196447808875, -0.10148462863143674, 0.0, 0.0, 0.0, 1.0], "fov": 50.0, "aspect": 1.7777777777777777}, {"camera_to_world": [-0.3877652842435928, 0.22052728155533086, -0.8949892750336743, -0.7528035162925499, -0.9217562108697687, -0.09078036656487143, 0.37699391609063715, 0.1162454473966811, 0.0018899890191813595, 0.9711470759551118, 0.23847386608461707, -0.10789696079875721, 0.0, 0.0, 0.0, 1.0], "fov": 50.0, "aspect": 1.7777777777777777}, {"camera_to_world": [-0.4714946300063231, 0.21113555208541657, -0.8562211119335865, -0.7333389631540816, -0.8818673809262121, -0.11106301982340361, 0.4582302129782035, 0.1864991513908766, 0.001654186671474489, 0.9711265542004774, 0.23855917377699654, -0.11334590021718687, 0.0, 0.0, 0.0, 1.0], "fov": 50.0, "aspect": 1.7777777777777777}, {"camera_to_world": [-0.5406995380468512, 0.2017014477704362, -0.8166765182881357, -0.7148339574242828, -0.8412148376393489, -0.1281826329945831, 0.5252873590083621, 0.2457706167307351, 0.0012674743884734663, 0.9710230370932947, 0.23898254108362926, -0.1175911842629946, 0.0, 0.0, 0.0, 1.0], "fov": 50.0, "aspect": 1.7777777777777777}, {"camera_to_world": [-0.5942313689820489, 0.1932818039744038, -0.7807248070672022, -0.6978795474793082, -0.8042938251977445, -0.141928371969807, 0.5770336038557721, 0.2916182030455161, 0.0007230950836053518, 0.9708236098707118, 0.239793652232706, -0.12039255031244896, 0.0, 0.0, 0.0, 1.0], "fov": 50.0, "aspect": 1.7777777777777777}, {"camera_to_world": [-0.6314031875039354, 0.18691110230252622, -0.7525916918528431, -0.6830667816953134, -0.7754547148672644, -0.15218974651028994, 0.6127872928245687, 0.3216002699644835, 9.569986691992938e-09, 0.9705166257685586, 0.24103418659354436, -0.12150973574181892, 0.0, 0.0, 0.0, 1.0], "fov": 50.0, "aspect": 1.7777777777777777}, {"camera_to_world": [-0.660494758820598, 0.18177664457824533, -0.7284942862208288, -0.6667098654276912, -0.7508300206528384, -0.1611680620591348, 0.6405303551421756, 0.34251583366937244, -0.0009765536231070016, 0.9700423224055627, 0.24293402208221881, -0.12121258271005556, 0.0, 0.0, 0.0, 1.0], "fov": 50.0, "aspect": 1.7777777777777777}, {"camera_to_world": [-0.6901386411860858, 0.17631982434448307, -0.7018689161695036, -0.644984607116473, -0.7236738128981008, -0.17110464487834343, 0.6685951039505004, 0.36282074907931516, -0.002206460366197094, 0.9693474712631104, 0.24568396668986314, -0.11997585033222022, 0.0, 0.0, 0.0, 1.0], "fov": 50.0, "aspect": 1.7777777777777777}, {"camera_to_world": [-0.720259968613708, 0.17039116967121382, -0.6724525462147166, -0.6182744597647728, -0.6936948410490898, -0.18195856581716907, 0.69690641253158, 0.38255863392966527, -0.0036118021067081396, 0.9684306529761615, 0.24925694626571082, -0.11786665141874661, 0.0, 0.0, 0.0, 1.0], "fov": 50.0, "aspect": 1.7777777777777777}, {"camera_to_world": [-0.7507344396577516, 0.16383259504002506, -0.6399661568506674, -0.5869628763757049, -0.6605843517259549, -0.1936738744849803, 0.7253404335874128, 0.4017731059557758, -0.005110319614448577, 0.9672896728201058, 0.2536228962239232, -0.11495209878006848, 0.0, 0.0, 0.0, 1.0], "fov": 50.0, "aspect": 1.7777777777777777}, {"camera_to_world": [-0.7813808760240369, 0.15647787517640618, -0.6041180357878628, -0.5514333099523828, -0.6240193644891344, -0.20617705519620255, 0.7537180206504278, 0.4205077828930003, -0.006615083256110099, 0.9659222000197009, 0.2587480322294561, -0.1112993052266195, 0.0, 0.0, 0.0, 1.0], "fov": 50.0, "aspect": 1.7777777777777777}, {"camera_to_world": [-0.811953155459429, 0.14815359454426752, -0.5646083472311492, -0.512069213497921, -0.5836673049544048, -0.21937411082508185, 0.7817975931319864, 0.43880628247669184, -0.008034330509691767, 0.9643264550572684, 0.2645939107574914, -0.1069753835688334, 0.0, 0.0, 0.0, 1.0], "fov": 50.0, "aspect": 1.7777777777777777}, {"camera_to_world": [-0.8421316235399405, 0.13868069246764994, -0.5211352935377497, -0.469254040015433, -0.5391923292570112, -0.23314729513743626, 0.8092675520744025, 0.4567122224422038, -0.009271499575702169, 0.9625019502872657, 0.27111627577264263, -0.10204744661714389, 0.0, 0.0, 0.0, 1.0], "fov": 50.0, "aspect": 1.7777777777777777}, {"camera_to_world": [-0.8715141607835337, 0.12787674177672192, -0.47340321763412485, -0.4233712425080333, -0.4902637112468523, -0.24735153635702645, 0.8357384225320036, 0.4742692205248894, -0.010225506747150559, 0.9604502883410407, 0.27826369263232276, -0.09658260718198468, 0.0, 0.0, 0.0, 1.0], "fov": 50.0, "aspect": 1.7777777777777777}, {"camera_to_world": [-0.8996071740455471, 0.11555911659496845, -0.421133022900812, -0.3748042739788354, -0.4365666956017854, -0.26181062458634907, 0.8607349865928795, 0.49152089446010205, -0.010791325086543596, 0.9581760211075503, 0.2859759777977514, -0.09064797807378946, 0.0, 0.0, 0.0, 1.0], "fov": 50.0, "aspect": 1.7777777777777777}, {"camera_to_world": [-0.9258168977278052, 0.10154922079624482, -0.36407530489905304, -0.3239365874309538, -0.3778162410820304, -0.2763132747110615, 0.8836887812986508, 0.508510861983195, -0.010860932570824294, 0.955687569226536, 0.294182443680052, -0.08431067210299201, 0.0, 0.0, 0.0, 1.0], "fov": 50.0, "aspect": 1.7777777777777777}, {"camera_to_world": [-0.9494415338739323, 0.08567796049887, -0.30202658962394063, -0.27115163586750207, -0.3137740813817624, -0.2906092260488068, 0.9039314706261444, 0.5252827408295214, -0.01032470862278173, 0.9529981977003247, 0.3027999926878917, -0.07763780208002598, 0.0, 0.0, 0.0, 1.0], "fov": 50.0, "aspect": 1.7777777777777777}, {"camera_to_world": [-0.9696649327602017, 0.0677926486344505, -0.23484904719048783, -0.2168328722915945, -0.2442695072433837, -0.3044056015811224, 0.9206897618400618, 0.5418801487344347, -0.009073367965014567, 0.9501270370414481, 0.31173111406564846, -0.07069648081532512, 0.0, 0.0, 0.0, 1.0], "fov": 50.0, "aspect": 1.7777777777777777}, {"camera_to_world": [-0.9855527175241826, 0.0477655230438919, -0.16249398693195438, -0.1613637497063447, -0.16922421096921214, -0.3173638240774449, 0.9330827238722129, 0.5583467034332882, -0.007000528733339784, 0.9471001309129273, 0.3208618622120267, -0.06355382111932305, 0.0, 0.0, 0.0, 1.0], "fov": 50.0, "aspect": 1.7777777777777777}, {"camera_to_world": [-0.9960519854902394, 0.025504036482801036, -0.08502932625886328, -0.10512772111486726, -0.08868141877938215, -0.3290974740254713, 0.9401225763448777, 0.574726022661435, -0.004006016004474908, 0.9439514800630053, 0.3300599265627888, -0.05627693580245365, 0.0, 0.0, 0.0, 1.0], "fov": 50.0, "aspect": 1.7777777777777777}]}